# bgpq4 -t4b -l 'define AS_IXP_IXPS' AS-IXPS
define AS_IXP_IXPS = [
    112, 174, 269, 923, 924, 949, 950, 954,
    955, 959, 968, 970, 981, 983, 992, 1003,
    1012, 1030, 1050, 1090, 1659, 2893, 3204, 3214,
    3258, 3280, 3292, 3356, 4785, 5400, 5511, 5646,
    6134, 6145, 6233, 6369, 6424, 6556, 7118, 7307,
    7342, 7480, 7488, 7721, 7794, 7907, 8005, 8095,
    8292, 8648, 8888, 9135, 9179, 9267, 9312, 9327,
    9423, 9516, 9678, 9886, 10494, 10515, 10568, 10678,
    10704, 11704, 11840, 11913, 11930, 12571, 12654, 12657,
    12817, 13020, 13308, 13586, 13657, 13773, 13780, 13810,
    13849, 13850, 14007, 14324, 14570, 15096, 15135, 15353,
    15780, 15960, 15987, 16066, 16210, 16297, 16838, 16995,
    17138, 17243, 17415, 17717, 17830, 18041, 18428, 18526,
    18944, 18973, 18987, 19039, 19415, 19467, 19625, 19651,
    19836, 20144, 20172, 20362, 20431, 20707, 20765, 21086,
    21158, 21313, 21434, 21461, 21738, 21887, 21957, 22547,
    22630, 22659, 23428, 23748, 23858, 23959, 23961, 24013,
    24171, 24206, 24242, 24322, 24381, 24676, 24961, 25152,
    25485, 25486, 25737, 25820, 26134, 26414, 26415, 26457,
    26533, 26679, 26930, 27372, 27408, 27544, 27599, 28045,
    29028, 29130, 29141, 29317, 29403, 29632, 29966, 30060,
    30081, 30085, 30414, 30528, 30671, 30887, 30893, 31173,
    31184, 31396, 32150, 32651, 32727, 33309, 33361, 33510,
    33554, 33785, 34516, 34553, 34601, 34611, 34615, 34641,
    34681, 34692, 34776, 34800, 34828, 34872, 34927, 34936,
    34979, 35003, 35145, 35384, 35486, 35536, 35537, 35619,
    35657, 35669, 35675, 35689, 35761, 35943, 35981, 36616,
    36617, 36618, 36619, 36620, 36621, 36622, 36623, 36624,
    36625, 36626, 36627, 36628, 36629, 36630, 36631, 36632,
    36689, 36722, 36828, 37989, 38041, 38136, 38173, 38230,
    38254, 38281, 38308, 38527, 38840, 38846, 38961, 39036,
    39083, 39220, 39225, 39282, 39306, 39489, 39519, 39526,
    39527, 39616, 39618, 39753, 39792, 39810, 40544, 40647,
    40706, 40717, 40893, 40916, 41047, 41051, 41255, 41378,
    41412, 41451, 41614, 41666, 41717, 41720, 41723, 41732,
    41767, 42013, 42221, 42369, 42379, 42394, 42692, 42821,
    42856, 42868, 42989, 43099, 43241, 43357, 43361, 43959,
    43992, 44024, 44103, 44194, 44222, 44258, 44298, 44326,
    44337, 44390, 44406, 44409, 44421, 44449, 44477, 44509,
    44541, 44570, 44620, 44817, 44822, 44852, 44854, 44876,
    44908, 44977, 44980, 45012, 45031, 45038, 45679, 45772,
    46478, 46997, 47152, 47157, 47158, 47170, 47272, 47294,
    47311, 47316, 47326, 47392, 47422, 47496, 47504, 47509,
    47526, 47553, 47555, 47687, 47689, 47750, 47752, 47753,
    47778, 47813, 47924, 47995, 48002, 48079, 48136, 48231,
    48268, 48292, 48297, 48357, 48413, 48435, 48436, 48465,
    48581, 48599, 48606, 48644, 48646, 48700, 48717, 48741,
    48752, 48769, 48771, 48795, 48818, 48821, 48925, 48935,
    48981, 48987, 49009, 49085, 49105, 49132, 49134, 49159,
    49195, 49245, 49268, 49286, 49321, 49436, 49459, 49519,
    49548, 49553, 49575, 49585, 49609, 49614, 49626, 49689,
    49697, 49707, 49745, 49752, 49772, 49780, 49790, 49922,
    49933, 49968, 49975, 50069, 50104, 50224, 50236, 50244,
    50391, 50414, 50546, 50555, 50580, 50738, 50755, 50763,
    50798, 50801, 50836, 50840, 50842, 50873, 50902, 50922,
    50967, 51019, 51026, 51087, 51129, 51201, 51212, 51217,
    51308, 51312, 51345, 51392, 51468, 51517, 51574, 51694,
    51741, 51745, 51856, 51861, 51906, 51939, 51943, 51999,
    52025, 52041, 52112, 52122, 52177, 52210, 52392, 53356,
    54041, 54197, 54212, 54309, 54491, 54600, 54625, 54681,
    55158, 55288, 55536, 56328, 56382, 56457, 56696, 56738,
    56755, 56758, 56762, 56781, 56808, 56850, 56894, 56997,
    57048, 57080, 57110, 57138, 57156, 57164, 57194, 57257,
    57330, 57351, 57401, 57406, 57416, 57429, 57450, 57470,
    57481, 57521, 57575, 57578, 57632, 57695, 57698, 57739,
    57770, 57797, 57848, 57851, 57860, 57870, 57883, 57934,
    57957, 57969, 57974, 58015, 58057, 58082, 58132, 58133,
    58206, 58209, 58270, 58299, 58318, 58336, 58339, 58553,
    59217, 59238, 59280, 59417, 59436, 59449, 59474, 59523,
    59538, 59570, 59598, 59645, 59678, 59730, 59760, 59800,
    59812, 59813, 59819, 59895, 59922, 59965, 59985, 59993,
    60123, 60150, 60164, 60234, 60240, 60246, 60251, 60262,
    60265, 60301, 60310, 60316, 60326, 60345, 60355, 60379,
    60391, 60431, 60432, 60438, 60456, 60474, 60539, 60557,
    60571, 60614, 60666, 60674, 60706, 60735, 60743, 60751,
    60802, 60841, 60842, 60858, 60900, 60990, 60998, 61004,
    61112, 61120, 61138, 61142, 61170, 61218, 61228, 61257,
    61302, 61333, 61409, 61969, 61977, 61978, 62061, 62075,
    62086, 62109, 62230, 62246, 62248, 62269, 62309, 62374,
    62396, 62414, 62430, 62435, 62443, 62485, 62599, 62805,
    63279, 63800, 63803, 63910, 64073, 64114, 64199, 64264,
    64271, 64445, 64457, 64475, 131171, 131644, 131657, 131682,
    131745, 131775, 132294, 132335, 132362, 132623, 133429, 133456,
    133555, 133591, 133677, 133717, 133846, 133983, 134297, 134313,
    134323, 134413, 134477, 134478, 134488, 134563, 134666, 134708,
    134835, 134882, 134993, 135120, 135364, 135395, 135684, 135782,
    136173, 136451, 136479, 136591, 136681, 136754, 136865, 136918,
    137069, 137083, 137256, 137259, 137331, 137410, 137425, 137490,
    137509, 137582, 137827, 137835, 137908, 137937, 137940, 138037,
    138038, 138164, 138181, 138211, 138262, 138276, 138330, 138435,
    138517, 138527, 138632, 138685, 138707, 138717, 138737, 138792,
    138990, 139073, 139216, 139231, 139247, 139249, 139263, 139299,
    139311, 139317, 139321, 139328, 139543, 139547, 139589, 139618,
    139641, 139648, 139653, 139702, 139726, 139734, 139735, 139742,
    139743, 139782, 139833, 139859, 139882, 139888, 139921, 139947,
    139989, 140052, 140219, 140244, 140423, 140442, 140444, 140498,
    140506, 140727, 140731, 140913, 140936, 140938, 140961, 140984,
    141011, 141058, 141159, 141173, 141221, 141237, 141338, 141429,
    141445, 141483, 141548, 141634, 141669, 141694, 141706, 141712,
    141776, 141837, 141893, 142031, 142036, 142039, 142055, 142111,
    142112, 142130, 142144, 142158, 142164, 142266, 142271, 142277,
    142280, 142281, 142282, 142289, 142290, 142382, 142418, 142419,
    142420, 142427, 142438, 142506, 142551, 142553, 142554, 142557,
    142582, 142598, 142634, 142642, 146887, 146950, 146958, 146961,
    146989, 147002, 147016, 147018, 147028, 147039, 147041, 147047,
    147071, 147216, 147224, 147271, 147288, 147297, 148971, 149007,
    149020, 149163, 149234, 149253, 149260, 149292, 149296, 149434,
    149435, 149440, 149475, 149476, 149500, 149506, 149511, 149610,
    149723, 149793, 149795, 149835, 149953, 149977, 149982, 150000,
    150141, 150173, 150184, 150221, 150249, 150298, 150323, 150325,
    150362, 150368, 150373, 150501, 150571, 150586, 150787, 150915,
    150940, 150980, 151062, 151093, 151187, 151188, 151193, 151194,
    151202, 151331, 151332, 151334, 151338, 151352, 151416, 151418,
    151420, 151490, 151494, 151513, 151544, 151633, 151642, 151669,
    151673, 151674, 151782, 151785, 151817, 151995, 196943, 197341,
    197373, 197402, 197433, 197434, 197438, 197464, 197469, 197473,
    197477, 197510, 197532, 197561, 197601, 197606, 197609, 197622,
    197626, 197634, 197641, 197646, 197657, 197677, 197736, 197739,
    197749, 197753, 197767, 197814, 197815, 197817, 197841, 197856,
    197860, 197866, 197884, 197885, 197890, 197902, 197919, 197951,
    197963, 197993, 198015, 198016, 198025, 198057, 198071, 198075,
    198100, 198127, 198135, 198149, 198170, 198180, 198186, 198209,
    198219, 198231, 198266, 198276, 198304, 198316, 198342, 198366,
    198376, 198378, 198383, 198408, 198480, 198515, 198535, 198585,
    198587, 198590, 198596, 198599, 198600, 198603, 198660, 198661,
    198663, 198699, 198707, 198714, 198734, 198747, 198767, 198786,
    198797, 198805, 198824, 198825, 198831, 198846, 198879, 198923,
    198924, 198942, 198954, 198969, 198980, 198981, 198996, 198998,
    199025, 199052, 199068, 199073, 199079, 199097, 199099, 199108,
    199109, 199176, 199177, 199183, 199184, 199186, 199203, 199257,
    199258, 199266, 199294, 199304, 199307, 199310, 199327, 199340,
    199344, 199347, 199376, 199386, 199392, 199414, 199417, 199436,
    199446, 199457, 199459, 199462, 199467, 199471, 199487, 199488,
    199497, 199499, 199501, 199504, 199514, 199518, 199519, 199580,
    199582, 199591, 199594, 199605, 199607, 199613, 199632, 199650,
    199651, 199656, 199666, 199668, 199671, 199676, 199680, 199682,
    199683, 199685, 199688, 199689, 199691, 199693, 199705, 199707,
    199714, 199754, 199760, 199762, 199763, 199765, 199766, 199767,
    199779, 199785, 199832, 199839, 199840, 199868, 199914, 199918,
    199929, 199932, 199950, 199956, 199962, 199972, 199982, 200007,
    200021, 200032, 200078, 200101, 200105, 200118, 200136, 200143,
    200153, 200158, 200160, 200169, 200172, 200179, 200180, 200182,
    200192, 200201, 200202, 200219, 200221, 200226, 200227, 200230,
    200234, 200237, 200240, 200241, 200242, 200243, 200255, 200257,
    200262, 200273, 200280, 200293, 200306, 200326, 200334, 200351,
    200360, 200368, 200372, 200447, 200454, 200455, 200461, 200462,
    200506, 200516, 200529, 200536, 200542, 200545, 200556, 200566,
    200570, 200579, 200581, 200592, 200603, 200605, 200615, 200625,
    200631, 200636, 200639, 200676, 200690, 200708, 200710, 200716,
    200718, 200728, 200730, 200731, 200732, 200754, 200775, 200782,
    200795, 200800, 200809, 200846, 200850, 200866, 200872, 200879,
    200882, 200885, 200890, 200895, 200897, 200907, 200912, 200936,
    200949, 200950, 200952, 200954, 200957, 200959, 200965, 200969,
    200975, 200992, 200993, 201097, 201110, 201117, 201148, 201173,
    201197, 201217, 201242, 201251, 201283, 201321, 201325, 201335,
    201386, 201398, 201412, 201444, 201447, 201504, 201517, 201566,
    201567, 201658, 201671, 201701, 201733, 201760, 201763, 201764,
    201785, 201811, 201865, 201911, 201920, 201938, 202000, 202002,
    202059, 202076, 202151, 202197, 202199, 202218, 202222, 202224,
    202229, 202255, 202256, 202260, 202262, 202265, 202278, 202306,
    202336, 202338, 202340, 202348, 202359, 202400, 202402, 202412,
    202427, 202458, 202464, 202467, 202479, 202512, 202518, 202525,
    202559, 202572, 202573, 202592, 202627, 202647, 202649, 202662,
    202673, 202685, 202687, 202693, 202726, 202729, 202732, 202739,
    202747, 202753, 202776, 202784, 202811, 202827, 202828, 202881,
    202886, 202888, 202905, 202929, 202939, 202941, 202952, 202959,
    202988, 202996, 203023, 203024, 203038, 203062, 203069, 203105,
    203125, 203133, 203145, 203151, 203169, 203174, 203199, 203218,
    203226, 203232, 203236, 203283, 203314, 203323, 203333, 203345,
    203377, 203405, 203415, 203420, 203423, 203442, 203453, 203458,
    203472, 203478, 203496, 203521, 203528, 203539, 203577, 203597,
    203619, 203635, 203636, 203638, 203655, 203661, 203686, 203691,
    203718, 203738, 203758, 203772, 203786, 203790, 203801, 203804,
    203819, 203830, 203843, 203852, 203857, 203861, 203867, 203868,
    203873, 203874, 203888, 203899, 203900, 203913, 203915, 203919,
    203966, 203967, 203979, 204003, 204005, 204017, 204028, 204035,
    204051, 204069, 204087, 204110, 204160, 204186, 204210, 204214,
    204235, 204254, 204268, 204307, 204310, 204333, 204340, 204355,
    204374, 204375, 204406, 204438, 204446, 204474, 204508, 204518,
    204526, 204539, 204561, 204571, 204585, 204611, 204617, 204624,
    204633, 204660, 204676, 204693, 204710, 204721, 204740, 204750,
    204765, 204767, 204778, 204789, 204829, 204840, 204841, 204842,
    204843, 204844, 204857, 204876, 204880, 204882, 204901, 204914,
    204926, 204931, 204936, 204958, 204982, 204992, 204994, 205027,
    205036, 205088, 205092, 205094, 205100, 205102, 205112, 205121,
    205148, 205152, 205154, 205165, 205183, 205210, 205212, 205214,
    205232, 205298, 205329, 205365, 205381, 205398, 205415, 205421,
    205431, 205432, 205441, 205455, 205479, 205523, 205531, 205539,
    205589, 205593, 205603, 205635, 205648, 205663, 205719, 205740,
    205749, 205758, 205777, 205789, 205791, 205794, 205816, 205825,
    205848, 205868, 205920, 205929, 205965, 205969, 205977, 205980,
    206003, 206016, 206018, 206023, 206042, 206064, 206072, 206075,
    206076, 206125, 206131, 206215, 206233, 206271, 206290, 206292,
    206313, 206315, 206330, 206356, 206368, 206384, 206427, 206439,
    206444, 206446, 206477, 206479, 206493, 206499, 206506, 206533,
    206551, 206569, 206592, 206628, 206633, 206639, 206652, 206671,
    206729, 206740, 206751, 206813, 206843, 206865, 206873, 206919,
    206946, 207036, 207076, 207079, 207111, 207142, 207149, 207160,
    207175, 207212, 207252, 207267, 207268, 207278, 207297, 207299,
    207300, 207301, 207304, 207306, 207317, 207320, 207338, 207341,
    207343, 207363, 207388, 207394, 207401, 207411, 207414, 207419,
    207420, 207424, 207427, 207445, 207455, 207465, 207466, 207469,
    207491, 207537, 207556, 207571, 207574, 207590, 207598, 207613,
    207616, 207622, 207632, 207650, 207662, 207671, 207683, 207687,
    207705, 207708, 207713, 207716, 207721, 207740, 207748, 207756,
    207760, 207762, 207778, 207780, 207781, 207803, 207824, 207831,
    207846, 207852, 207871, 207880, 207885, 207890, 207893, 207910,
    207921, 207936, 207939, 207941, 207947, 207955, 207957, 207960,
    207963, 207968, 207983, 207989, 208029, 208051, 208059, 208068,
    208069, 208076, 208088, 208134, 208135, 208137, 208148, 208171,
    208173, 208183, 208185, 208188, 208202, 208206, 208210, 208223,
    208230, 208236, 208266, 208302, 208328, 208340, 208367, 208385,
    208393, 208434, 208445, 208449, 208453, 208454, 208460, 208476,
    208477, 208505, 208506, 208521, 208529, 208548, 208549, 208563,
    208565, 208567, 208584, 208602, 208624, 208627, 208673, 208679,
    208680, 208690, 208699, 208702, 208709, 208717, 208727, 208733,
    208747, 208753, 208755, 208763, 208766, 208768, 208779, 208840,
    208884, 208893, 208907, 208914, 208958, 208976, 208985, 208994,
    209014, 209018, 209022, 209025, 209091, 209100, 209101, 209105,
    209114, 209152, 209165, 209185, 209186, 209199, 209209, 209213,
    209218, 209225, 209245, 209260, 209261, 209263, 209294, 209295,
    209297, 209300, 209306, 209310, 209334, 209347, 209391, 209395,
    209403, 209408, 209419, 209460, 209484, 209506, 209512, 209527,
    209533, 209552, 209554, 209556, 209557, 209574, 209606, 209619,
    209642, 209650, 209652, 209669, 209710, 209718, 209724, 209745,
    209768, 209771, 209806, 209808, 209828, 209833, 209859, 209861,
    209870, 209874, 209878, 209894, 209933, 209949, 209958, 209978,
    209988, 210000, 210013, 210023, 210041, 210072, 210074, 210076,
    210103, 210108, 210152, 210168, 210189, 210198, 210199, 210233,
    210234, 210250, 210260, 210286, 210305, 210311, 210337, 210354,
    210370, 210374, 210381, 210383, 210384, 210387, 210397, 210426,
    210429, 210434, 210445, 210461, 210462, 210464, 210469, 210475,
    210481, 210490, 210502, 210522, 210529, 210537, 210542, 210554,
    210558, 210561, 210562, 210563, 210576, 210577, 210590, 210597,
    210606, 210617, 210623, 210630, 210631, 210632, 210633, 210643,
    210645, 210667, 210674, 210686, 210714, 210729, 210732, 210734,
    210738, 210758, 210761, 210770, 210779, 210780, 210784, 210807,
    210810, 210814, 210815, 210821, 210825, 210826, 210833, 210836,
    210864, 210872, 210881, 210883, 210884, 210887, 210888, 210890,
    210902, 210903, 210905, 210912, 210916, 210925, 210926, 210932,
    210934, 210937, 210941, 210951, 210956, 210961, 210965, 210969,
    210972, 210985, 211011, 211013, 211024, 211035, 211041, 211042,
    211044, 211063, 211072, 211083, 211088, 211129, 211132, 211139,
    211144, 211151, 211168, 211169, 211184, 211188, 211193, 211194,
    211224, 211227, 211233, 211242, 211244, 211248, 211251, 211272,
    211275, 211286, 211293, 211323, 211337, 211344, 211350, 211358,
    211360, 211364, 211367, 211369, 211380, 211390, 211397, 211398,
    211405, 211407, 211411, 211414, 211431, 211436, 211437, 211438,
    211443, 211448, 211449, 211479, 211480, 211481, 211484, 211485,
    211486, 211495, 211498, 211509, 211514, 211535, 211540, 211544,
    211547, 211548, 211562, 211571, 211575, 211579, 211581, 211603,
    211604, 211620, 211622, 211635, 211638, 211640, 211659, 211665,
    211671, 211679, 211684, 211685, 211688, 211696, 211704, 211722,
    211727, 211738, 211747, 211754, 211761, 211776, 211781, 211810,
    211818, 211819, 211828, 211833, 211840, 211843, 211845, 211849,
    211851, 211860, 211868, 211869, 211870, 211876, 211877, 211900,
    211907, 211930, 211940, 211942, 211946, 211954, 211956, 211960,
    211961, 211962, 211972, 211975, 211979, 211998, 212007, 212008,
    212024, 212034, 212037, 212044, 212049, 212068, 212071, 212085,
    212105, 212106, 212112, 212120, 212121, 212123, 212125, 212129,
    212149, 212154, 212164, 212168, 212170, 212173, 212178, 212184,
    212188, 212194, 212196, 212200, 212217, 212237, 212242, 212245,
    212252, 212267, 212268, 212270, 212271, 212276, 212292, 212294,
    212299, 212324, 212332, 212336, 212342, 212348, 212357, 212359,
    212360, 212370, 212378, 212387, 212389, 212405, 212411, 212415,
    212425, 212427, 212437, 212461, 212467, 212468, 212469, 212483,
    212488, 212503, 212504, 212508, 212509, 212510, 212514, 212516,
    212518, 212519, 212520, 212528, 212539, 212546, 212567, 212568,
    212577, 212580, 212591, 212592, 212596, 212618, 212623, 212624,
    212625, 212635, 212685, 212688, 212691, 212703, 212704, 212705,
    212715, 212716, 212735, 212744, 212745, 212746, 212756, 212760,
    212762, 212767, 212783, 212789, 212793, 212799, 212808, 212816,
    212817, 212824, 212828, 212834, 212844, 212856, 212858, 212877,
    212886, 212888, 212895, 212900, 212904, 212912, 212925, 212933,
    212934, 212935, 212948, 212963, 212971, 212983, 212993, 212995,
    212996, 213007, 213015, 213021, 213023, 213031, 213033, 213036,
    213045, 213052, 213064, 213086, 213092, 213097, 213100, 213105,
    213106, 213115, 213124, 213127, 213151, 213154, 213163, 213164,
    213170, 213171, 213188, 213196, 213199, 213204, 213210, 213215,
    213216, 213219, 213229, 213233, 213234, 213236, 213239, 213244,
    213248, 213249, 213251, 213252, 213253, 213262, 213263, 213267,
    213268, 213279, 213282, 213284, 213286, 213288, 213293, 213297,
    213305, 213310, 213312, 213316, 213323, 213326, 213327, 213339,
    213343, 213346, 213366, 213367, 213368, 213371, 213372, 213376,
    213377, 213382, 213383, 213385, 213386, 213388, 213392, 213396,
    215912, 215931, 215932, 215934, 215956, 215963, 215967, 215969,
    215970, 215971, 215972, 215978, 215980, 215988, 215993, 216000,
    216021, 216026, 216032, 216038, 216043, 216049, 216052, 216056,
    216065, 216072, 216079, 216089, 216091, 216101, 216102, 216107,
    216112, 216113, 216115, 216118, 216121, 216123, 216124, 216126,
    216127, 216128, 216132, 216145, 216147, 216150, 216164, 216167,
    216174, 216176, 216182, 216183, 216191, 216212, 216219, 216223,
    216227, 216233, 216242, 216243, 216249, 216250, 216254, 216255,
    216265, 216266, 216267, 216283, 216290, 216291, 216292, 216295,
    216296, 216301, 216304, 216305, 216308, 216311, 216320, 216328,
    216330, 216333, 216339, 216340, 216341, 216343, 216353, 216355,
    216357, 216358, 216360, 216362, 216367, 216368, 216369, 216373,
    216375, 216386, 216393, 216395, 216399, 216401, 216402, 216411,
    216412, 216418, 216424, 216427, 216428, 216441, 216447, 216452,
    216455, 216456, 216457, 216460, 216469, 216472, 216473, 216474,
    264660, 267776, 267848, 270014, 271799, 327813, 328383, 328840,
    328913, 328995, 393577, 394144, 394414, 394715, 394999, 395332,
    395497, 396503, 396539, 396540, 396541, 396542, 396543, 396544,
    396545, 396546, 396547, 396549, 396550, 396551, 396552, 396553,
    396554, 396555, 396556, 396557, 396558, 396559, 396560, 396561,
    396562, 396563, 396564, 396565, 396566, 396567, 396568, 396569,
    396570, 396571, 396572, 396573, 396574, 396575, 396576, 396577,
    396578, 396579, 396580, 396581, 396582, 396583, 396584, 396585,
    396586, 396587, 396588, 396589, 396590, 396591, 396592, 396593,
    396594, 396595, 396596, 396597, 396599, 396600, 396602, 396603,
    396604, 396605, 396606, 396607, 396608, 396609, 396610, 396611,
    396612, 396613, 396614, 396615, 396616, 396617, 396618, 396619,
    396620, 396621, 396622, 396623, 396624, 396625, 396626, 396627,
    396628, 396629, 396630, 396634, 396635, 396637, 396638, 396639,
    396641, 396642, 396644, 396645, 396646, 396648, 396649, 396650,
    396651, 396652, 396653, 396654, 396655, 396657, 396658, 396659,
    396661, 396662, 396663, 396664, 396665, 396666, 396669, 396671,
    396674, 396675, 396676, 396677, 396678, 396681, 396682, 396683,
    396684, 396685, 396686, 396687, 396688, 396689, 396690, 396691,
    396692, 396694, 396695, 396696, 396699, 396700, 396701, 396702,
    396703, 396704, 396706, 396707, 396709, 396710, 396711, 396712,
    396713, 396714, 396715, 396717, 396719, 396721, 396722, 396723,
    396724, 396725, 396726, 396727, 396728, 396729, 396732, 396733,
    396734, 396735, 396736, 396737, 396738, 396739, 396740, 396741,
    396743, 396744, 396745, 396746, 396747, 396748, 396749, 396751,
    396752, 396755, 396756, 396757, 396758, 396759, 396760, 396761,
    396764, 396765, 396766, 396826, 396827, 396828, 396974, 397193,
    397194, 397195, 397196, 397197, 397198, 397199, 397200, 397201,
    397202, 397203, 397204, 397205, 397206, 397207, 397208, 397209,
    397210, 397211, 397212, 397668, 398057, 398325, 398447, 398549,
    398987, 399135, 399196, 399532, 399580, 399606, 399642, 399663,
    399737, 399840, 399866, 399976, 400312, 400442, 400464, 400542,
    400618, 400671, 400799, 400818, 400882, 438171, 449018, 964095
];
