# bgpq4 -t4b -l 'define AS_IXP_BGPEXCHANGE' AS-BGPEXCHANGE-PEERS
define AS_IXP_BGPEXCHANGE = [
    1050, 6134, 6145, 6696, 7721, 18231, 18428, 18978,
    19429, 19651, 21738, 24322, 24381, 26021, 26414, 26533,
    27408, 31786, 32681, 34681, 34979, 37989, 38173, 38230,
    39753, 39792, 41732, 44001, 44822, 46307, 46980, 47157,
    47272, 47496, 47509, 47540, 47679, 47689, 48435, 49132,
    49195, 49286, 49716, 50391, 50755, 51217, 51345, 51847,
    51939, 52112, 53180, 56662, 57355, 57743, 57797, 57851,
    57870, 58336, 59538, 59570, 59645, 59730, 59812, 59891,
    59922, 60268, 60391, 60456, 60900, 61004, 61053, 61120,
    61138, 61228, 62256, 62309, 62425, 62485, 63800, 63931,
    133971, 134409, 134478, 134666, 134944, 135120, 136255, 136479,
    136582, 136644, 137490, 137509, 137827, 138211, 138398, 138435,
    139216, 139328, 139735, 139888, 141011, 141057, 142271, 142280,
    142420, 142553, 142582, 147016, 147020, 147028, 147039, 147047,
    147106, 147182, 149500, 149737, 149793, 149825, 149835, 150000,
    150184, 150249, 150298, 150325, 150788, 151194, 151334, 151336,
    151418, 151420, 151494, 151513, 151544, 151633, 151785, 151964,
    151995, 197434, 197438, 197469, 197473, 197477, 197606, 197609,
    197622, 197634, 197860, 197871, 197963, 198016, 198057, 198071,
    198079, 198160, 198170, 198219, 198231, 198276, 198304, 198316,
    198342, 198480, 198533, 198558, 198585, 198587, 198590, 198734,
    198786, 198825, 198923, 198924, 198942, 198969, 199052, 199079,
    199176, 199177, 199183, 199266, 199310, 199327, 199423, 199462,
    199467, 199471, 199488, 199497, 199518, 199580, 199613, 199656,
    199676, 199682, 199685, 199751, 199762, 199763, 199766, 199829,
    199840, 199925, 199956, 199962, 199972, 200078, 200105, 200118,
    200132, 200160, 200169, 200192, 200195, 200221, 200226, 200227,
    200230, 200237, 200240, 200280, 200351, 200372, 200455, 200536,
    200557, 200605, 200625, 200676, 200690, 200730, 200731, 200754,
    200866, 200879, 200890, 200949, 200952, 200993, 201217, 201398,
    201412, 201517, 201811, 201814, 201818, 201911, 201971, 202002,
    202151, 202218, 202222, 202224, 202338, 202340, 202402, 202427,
    202464, 202512, 202525, 202573, 202592, 202673, 202685, 202776,
    202827, 202828, 202888, 202929, 202939, 202952, 202988, 203023,
    203062, 203069, 203113, 203145, 203169, 203236, 203345, 203442,
    203448, 203458, 203472, 203577, 203597, 203618, 203619, 203635,
    203636, 203686, 203691, 203790, 203867, 203979, 204160, 204254,
    204340, 204374, 204406, 204508, 204740, 204778, 204931, 205028,
    205036, 205121, 205183, 205212, 205214, 205232, 205245, 205431,
    205432, 205848, 205897, 205965, 205980, 206271, 206290, 206835,
    206919, 207017, 207036, 207079, 207175, 207209, 207252, 207301,
    207304, 207424, 207445, 207451, 207716, 207740, 207852, 207939,
    207947, 208029, 208059, 208076, 208185, 208210, 208223, 208328,
    208529, 208624, 208699, 208753, 208755, 208885, 208958, 209100,
    209199, 209245, 209294, 209295, 209652, 209808, 209861, 210013,
    210387, 210397, 210426, 210562, 210563, 210576, 210633, 210645,
    210667, 210732, 210821, 210825, 210826, 210836, 210888, 210890,
    210912, 210941, 210951, 210965, 211011, 211035, 211037, 211293,
    211358, 211360, 211380, 211390, 211405, 211449, 211484, 211485,
    211495, 211509, 211604, 211665, 211747, 211810, 211851, 211869,
    211877, 212024, 212034, 212037, 212049, 212085, 212121, 212164,
    212170, 212178, 212242, 212268, 212271, 212294, 212332, 212468,
    212483, 212516, 212519, 212568, 212577, 212623, 212625, 212635,
    212685, 212703, 212716, 212744, 212767, 212793, 212817, 212855,
    212888, 212897, 212900, 212972, 213028, 213052, 213086, 213092,
    213151, 213170, 213216, 213286, 213312, 213316, 213326, 213327,
    213366, 213382, 213386, 215912, 215956, 215972, 215980, 216005,
    216006, 216026, 216042, 216056, 216079, 216089, 216112, 216113,
    216132, 216145, 216174, 216191, 216201, 216219, 216223, 216233,
    216265, 216266, 216290, 216292, 216320, 216330, 216333, 216340,
    216342, 216343, 216369, 216373, 216375, 216393, 216398, 216401,
    216411, 216447, 216452, 216457, 216460, 216469, 270014, 271049,
    327813, 328840, 329095, 329141, 393577, 394109, 395970, 397244,
    398057, 399663, 400442, 400671, 400818
];
