# bgpq4 -t4b -l 'define AS_IXP_IFOG' AS-IFOG
define AS_IXP_IFOG = [
    112, 269, 924, 959, 968, 981, 992, 1003,
    1012, 1050, 2893, 3280, 6424, 6556, 7488, 7721,
    8095, 9516, 9678, 9886, 10494, 11704, 12657, 12817,
    13308, 13849, 13850, 14570, 15096, 15353, 15780, 17138,
    17830, 18041, 18428, 18526, 18944, 19039, 19625, 19651,
    21158, 21738, 22630, 23428, 24206, 24676, 25152, 26457,
    26533, 26679, 26930, 27372, 27599, 28045, 29317, 31396,
    33309, 34516, 34553, 34601, 34615, 34681, 34692, 34800,
    34927, 35003, 35619, 38041, 38173, 38230, 38281, 38846,
    39083, 39526, 39527, 39618, 39753, 39792, 40544, 40893,
    40916, 41255, 41666, 41732, 42394, 42821, 42856, 44103,
    44194, 44222, 44258, 44326, 44406, 44477, 44509, 44541,
    44570, 44620, 44817, 44822, 44852, 44854, 44876, 44908,
    44977, 45772, 46997, 47157, 47158, 47272, 47316, 47326,
    47392, 47422, 47496, 47509, 47689, 47750, 47753, 47778,
    47813, 47924, 47995, 48002, 48079, 48231, 48268, 48297,
    48357, 48435, 48436, 48465, 48581, 48599, 48606, 48700,
    48717, 48741, 48752, 48818, 48925, 48935, 48987, 49085,
    49105, 49132, 49159, 49195, 49286, 49459, 49548, 49626,
    49697, 49707, 49752, 49772, 49922, 49933, 49975, 50224,
    50236, 50244, 50391, 50414, 50546, 50738, 50755, 50763,
    50842, 51019, 51087, 51129, 51312, 51517, 51745, 51856,
    51861, 51999, 52025, 52112, 52122, 52210, 52392, 53356,
    54041, 54212, 54491, 54681, 56328, 56696, 56738, 56755,
    56758, 56808, 56894, 56997, 57110, 57156, 57194, 57257,
    57330, 57401, 57406, 57416, 57450, 57470, 57521, 57797,
    57848, 57851, 57860, 57870, 57883, 57934, 57974, 58057,
    58082, 58132, 58133, 58270, 58299, 58336, 58339, 59238,
    59474, 59538, 59570, 59598, 59645, 59678, 59760, 59812,
    59922, 59993, 60262, 60301, 60310, 60326, 60345, 60379,
    60391, 60432, 60438, 60539, 60557, 60614, 60674, 60706,
    60743, 60841, 60842, 60858, 60900, 61138, 61142, 61218,
    61228, 61257, 61302, 61409, 61977, 61978, 62246, 62309,
    62374, 62396, 62414, 62430, 62435, 62485, 63279, 63800,
    63910, 64114, 64199, 64264, 64271, 64445, 64457, 131171,
    131745, 132623, 133429, 133555, 134413, 134477, 134478, 134488,
    134563, 134666, 134708, 134993, 135120, 135364, 135395, 136451,
    136479, 136591, 136918, 137069, 137259, 137425, 137490, 137509,
    137582, 137835, 137937, 137940, 138211, 138435, 138517, 138990,
    139216, 139231, 139247, 139263, 139311, 139317, 139321, 139328,
    139589, 139618, 139648, 139653, 139742, 139782, 139833, 139859,
    139882, 139888, 139921, 139989, 140244, 140506, 140731, 140936,
    140938, 140961, 141011, 141058, 141429, 141445, 141634, 141694,
    141776, 142031, 142036, 142039, 142055, 142111, 142112, 142130,
    142144, 142158, 142164, 142266, 142277, 142280, 142281, 142282,
    142289, 142418, 142419, 142420, 142438, 142551, 142553, 142554,
    142557, 142582, 142598, 142634, 142642, 146958, 146961, 146989,
    147002, 147016, 147018, 147028, 147039, 147041, 147047, 147071,
    148971, 149007, 149020, 149163, 149292, 149296, 149475, 149476,
    149500, 149506, 149511, 149795, 149835, 149953, 150141, 150173,
    150184, 150221, 150249, 150298, 150323, 150325, 150373, 150501,
    150787, 150915, 151187, 151188, 151193, 151194, 151202, 151331,
    151334, 151338, 151416, 151418, 151420, 151490, 151494, 151544,
    151633, 151673, 151674, 151782, 151785, 197402, 197433, 197434,
    197438, 197464, 197469, 197473, 197477, 197510, 197532, 197561,
    197606, 197609, 197622, 197634, 197657, 197736, 197749, 197814,
    197815, 197817, 197841, 197860, 197866, 197884, 197885, 197919,
    197951, 197963, 198015, 198016, 198025, 198057, 198075, 198170,
    198209, 198266, 198276, 198304, 198316, 198342, 198366, 198376,
    198378, 198383, 198408, 198515, 198535, 198590, 198599, 198603,
    198660, 198699, 198707, 198714, 198734, 198786, 198797, 198824,
    198825, 198831, 198923, 198942, 198969, 198980, 199025, 199068,
    199073, 199099, 199109, 199176, 199177, 199183, 199184, 199186,
    199257, 199266, 199307, 199310, 199340, 199344, 199347, 199376,
    199392, 199414, 199446, 199467, 199471, 199488, 199497, 199504,
    199514, 199518, 199519, 199580, 199582, 199591, 199594, 199605,
    199607, 199613, 199650, 199651, 199656, 199668, 199671, 199676,
    199680, 199682, 199683, 199685, 199688, 199689, 199691, 199705,
    199760, 199762, 199763, 199765, 199766, 199767, 199779, 199785,
    199832, 199839, 199840, 199914, 199929, 199950, 199956, 199962,
    199972, 200007, 200021, 200078, 200101, 200105, 200153, 200158,
    200160, 200169, 200172, 200179, 200180, 200182, 200192, 200219,
    200221, 200226, 200227, 200230, 200234, 200237, 200240, 200241,
    200242, 200243, 200255, 200257, 200262, 200306, 200326, 200334,
    200351, 200360, 200372, 200454, 200455, 200461, 200462, 200506,
    200536, 200545, 200556, 200566, 200570, 200579, 200581, 200592,
    200605, 200625, 200631, 200639, 200676, 200690, 200708, 200710,
    200716, 200728, 200730, 200731, 200732, 200754, 200775, 200782,
    200795, 200800, 200809, 200850, 200866, 200872, 200879, 200882,
    200885, 200890, 200895, 200897, 200907, 200912, 200936, 200949,
    200950, 200952, 200954, 200957, 200959, 200965, 200969, 200975,
    200993, 201217, 201242, 201251, 201325, 201335, 201386, 201398,
    201412, 201444, 201504, 201517, 201567, 201733, 201760, 201865,
    201911, 201938, 202002, 202076, 202197, 202199, 202218, 202222,
    202224, 202255, 202256, 202260, 202262, 202338, 202348, 202359,
    202400, 202402, 202412, 202427, 202458, 202464, 202467, 202479,
    202518, 202559, 202573, 202647, 202649, 202662, 202673, 202687,
    202726, 202729, 202732, 202776, 202827, 202828, 202881, 202886,
    202888, 202905, 202929, 202939, 202941, 202952, 202988, 202996,
    203023, 203024, 203062, 203069, 203105, 203125, 203145, 203151,
    203169, 203199, 203218, 203232, 203236, 203283, 203314, 203323,
    203333, 203405, 203415, 203420, 203423, 203442, 203453, 203458,
    203472, 203496, 203539, 203597, 203619, 203635, 203636, 203655,
    203686, 203691, 203738, 203758, 203790, 203801, 203804, 203852,
    203857, 203867, 203868, 203873, 203874, 203888, 203899, 203913,
    203915, 203966, 203967, 204003, 204005, 204017, 204051, 204069,
    204087, 204160, 204186, 204214, 204254, 204268, 204333, 204340,
    204355, 204374, 204375, 204406, 204438, 204446, 204474, 204508,
    204518, 204526, 204585, 204611, 204617, 204660, 204693, 204710,
    204740, 204750, 204778, 204789, 204829, 204840, 204841, 204842,
    204844, 204857, 204880, 204882, 204901, 204914, 204926, 204931,
    204936, 204982, 204992, 205027, 205088, 205102, 205152, 205154,
    205165, 205183, 205212, 205214, 205232, 205298, 205329, 205398,
    205432, 205441, 205455, 205531, 205539, 205589, 205593, 205648,
    205719, 205749, 205789, 205794, 205816, 205825, 205848, 205920,
    205929, 205965, 205969, 205980, 206003, 206016, 206023, 206064,
    206075, 206125, 206131, 206271, 206290, 206292, 206439, 206444,
    206477, 206479, 206493, 206506, 206533, 206551, 206569, 206628,
    206633, 206639, 206729, 206919, 207036, 207076, 207079, 207142,
    207149, 207252, 207267, 207268, 207299, 207300, 207301, 207304,
    207317, 207320, 207341, 207343, 207388, 207394, 207401, 207414,
    207419, 207424, 207427, 207445, 207465, 207466, 207491, 207537,
    207556, 207574, 207590, 207613, 207616, 207632, 207650, 207671,
    207705, 207713, 207716, 207721, 207740, 207748, 207756, 207762,
    207778, 207780, 207781, 207803, 207824, 207831, 207846, 207852,
    207885, 207893, 207910, 207921, 207939, 207941, 207947, 207955,
    207960, 207968, 207989, 208029, 208059, 208069, 208088, 208135,
    208148, 208171, 208183, 208185, 208188, 208223, 208230, 208266,
    208302, 208328, 208385, 208393, 208434, 208445, 208453, 208460,
    208505, 208521, 208529, 208548, 208563, 208565, 208567, 208584,
    208624, 208627, 208679, 208690, 208702, 208709, 208733, 208747,
    208753, 208755, 208763, 208768, 208884, 208893, 208907, 208914,
    208958, 208985, 209018, 209022, 209025, 209091, 209100, 209101,
    209152, 209165, 209185, 209186, 209199, 209218, 209245, 209263,
    209294, 209295, 209310, 209334, 209391, 209395, 209403, 209408,
    209419, 209512, 209533, 209552, 209554, 209556, 209557, 209574,
    209606, 209619, 209650, 209652, 209710, 209718, 209768, 209806,
    209808, 209833, 209861, 209870, 209878, 209933, 209958, 210013,
    210023, 210072, 210074, 210076, 210108, 210152, 210189, 210199,
    210260, 210305, 210311, 210337, 210354, 210370, 210374, 210381,
    210383, 210384, 210387, 210397, 210445, 210461, 210475, 210481,
    210490, 210502, 210522, 210529, 210537, 210561, 210562, 210563,
    210576, 210590, 210597, 210617, 210623, 210630, 210631, 210633,
    210643, 210645, 210667, 210714, 210729, 210732, 210734, 210758,
    210770, 210779, 210814, 210815, 210825, 210833, 210836, 210864,
    210872, 210881, 210887, 210888, 210890, 210903, 210905, 210912,
    210916, 210925, 210932, 210941, 210951, 210956, 210961, 210965,
    210985, 211011, 211013, 211024, 211035, 211041, 211042, 211072,
    211083, 211088, 211139, 211144, 211151, 211168, 211184, 211188,
    211193, 211194, 211224, 211227, 211233, 211242, 211244, 211251,
    211275, 211286, 211293, 211323, 211337, 211344, 211350, 211358,
    211360, 211367, 211380, 211390, 211398, 211405, 211411, 211414,
    211443, 211449, 211479, 211480, 211484, 211485, 211486, 211495,
    211498, 211509, 211514, 211535, 211540, 211544, 211547, 211548,
    211562, 211571, 211575, 211579, 211581, 211604, 211622, 211635,
    211638, 211640, 211665, 211671, 211679, 211685, 211688, 211696,
    211704, 211722, 211727, 211738, 211747, 211761, 211776, 211810,
    211819, 211833, 211840, 211843, 211849, 211860, 211868, 211869,
    211876, 211877, 211930, 211942, 211954, 211956, 211960, 211961,
    211962, 211972, 211998, 212008, 212034, 212037, 212044, 212049,
    212068, 212071, 212085, 212105, 212106, 212112, 212120, 212123,
    212125, 212129, 212149, 212154, 212164, 212168, 212170, 212173,
    212178, 212188, 212194, 212196, 212237, 212242, 212245, 212252,
    212267, 212268, 212270, 212276, 212292, 212294, 212332, 212336,
    212342, 212348, 212359, 212360, 212378, 212387, 212389, 212405,
    212415, 212425, 212427, 212437, 212467, 212468, 212469, 212483,
    212488, 212504, 212508, 212509, 212510, 212514, 212516, 212518,
    212519, 212520, 212539, 212546, 212568, 212580, 212618, 212623,
    212635, 212685, 212688, 212691, 212703, 212715, 212735, 212744,
    212746, 212756, 212762, 212767, 212783, 212789, 212793, 212808,
    212817, 212828, 212834, 212844, 212856, 212877, 212888, 212895,
    212904, 212925, 212934, 212948, 212963, 212971, 212983, 212993,
    212995, 212996, 213015, 213021, 213031, 213033, 213036, 213045,
    213052, 213064, 213086, 213092, 213100, 213105, 213124, 213127,
    213151, 213163, 213170, 213171, 213188, 213196, 213199, 213204,
    213215, 213216, 213233, 213234, 213236, 213239, 213244, 213248,
    213253, 213262, 213267, 213268, 213279, 213286, 213288, 213293,
    213312, 213316, 213326, 213327, 213339, 213343, 213346, 213368,
    213372, 213376, 213382, 213385, 213386, 213388, 213392, 215912,
    215956, 215963, 215967, 215970, 215971, 215972, 215978, 215980,
    216021, 216026, 216049, 216052, 216056, 216065, 216072, 216079,
    216089, 216091, 216101, 216107, 216112, 216113, 216115, 216121,
    216126, 216128, 216132, 216147, 216167, 216182, 216191, 216212,
    216227, 216233, 216242, 216243, 216249, 216250, 216254, 216265,
    216283, 216291, 216292, 216296, 216301, 216305, 216308, 216311,
    216320, 216328, 216330, 216339, 216340, 216341, 216343, 216355,
    216360, 216362, 216368, 216369, 216373, 216375, 216386, 216393,
    216395, 216401, 216411, 216412, 216427, 216441, 216452, 216455,
    216457, 216460, 216469, 216472, 216473, 264660, 267776, 270014,
    271799, 393577, 394414, 394999, 395332, 396974, 398057, 398325,
    398447, 398549, 398987, 399532, 399606, 399642, 399663, 399866,
    399976, 400312, 400442, 400671
];
